1399808640,12.833,15.389,12.056,11.444
1399808700,12.889,17.222,12.056,11.500
1399808760,13.000,19.167,12.167,11.556
1399808820,12.889,21.444,12.000,11.500
1399808880,13.000,22.222,12.167,11.556
1399808940,12.833,22.778,11.944,11.389
1399809000,12.889,24.500,12.111,11.500
1399809060,12.889,26.000,12.056,11.444
1399809120,12.889,27.111,12.111,11.500
1399809180,12.833,28.778,12.000,11.444
1399809240,12.889,30.278,12.111,11.500
1399809300,12.944,31.944,12.111,11.556
1399809360,12.889,33.722,12.167,11.556
1399809420,12.889,35.500,12.167,11.500
1399809480,13.000,37.167,12.167,11.556
1399809540,12.944,39.111,12.111,11.500
1399809600,12.833,41.056,12.000,11.500
1399809660,12.833,42.722,12.056,11.500
1399809720,13.000,44.611,12.111,11.556
1399809780,12.833,46.667,12.056,11.500
1399809840,12.944,48.500,12.167,11.556
1399809900,13.000,50.278,12.222,11.556
1399809960,12.889,52.056,12.111,11.556
1399810020,12.944,53.722,12.167,11.556
1399810080,12.889,55.667,12.167,11.500
1399810140,13.000,57.389,12.278,11.611
1399810200,12.889,59.278,12.111,11.500
1399810260,12.944,61.056,12.222,11.556
1399810320,12.944,62.389,12.167,11.556
1399810380,12.944,57.889,12.222,11.556
1399810440,13.000,57.500,12.222,11.556
1399810500,12.833,57.611,12.000,11.500
1399810560,12.944,57.667,12.222,11.556
1399810620,12.889,57.722,12.111,11.500
1399810680,12.944,57.778,12.222,11.556
1399810740,12.944,57.778,12.222,11.500
1399810800,13.000,57.778,12.222,11.611
1399810860,12.889,57.833,12.000,11.500
1399810920,12.944,57.833,12.222,11.556
1399810980,13.000,57.833,12.278,11.556
1399811040,12.833,57.833,12.056,11.500
1399811100,12.944,57.833,12.111,11.556
1399811160,12.889,57.833,12.167,11.500
1399811220,12.944,57.889,12.167,11.556
1399811280,12.889,57.889,12.167,11.500
1399811340,12.833,57.889,12.000,11.444
1399811400,12.778,57.611,12.056,11.444
1399811460,12.889,57.000,12.056,11.500
1399811520,12.944,56.278,12.111,11.611
1399811580,12.944,55.611,12.167,11.500
1399811640,12.833,55.556,12.000,11.500
1399811700,12.889,55.556,12.056,11.500
1399811760,12.944,55.667,12.111,11.556
1399811820,13.000,55.722,12.111,11.500
1399811880,12.944,55.722,11.944,11.500
1399811940,12.889,55.722,43.611,11.500
1399812000,12.889,55.778,59.833,11.500
1399812060,13.000,55.833,62.056,11.556
1399812120,12.889,55.833,62.167,11.500
1399812180,12.944,55.833,63.833,11.500
1399812240,12.889,55.889,64.889,11.500
1399812300,13.056,55.944,62.833,11.556
1399812360,12.944,55.944,65.722,11.500
1399812420,12.833,55.944,66.722,11.556
1399812480,12.944,56.000,68.833,11.556
1399812540,13.056,56.000,68.389,11.556
1399812600,12.944,56.000,68.056,11.556
1399812660,13.000,56.000,68.056,11.556
1399812720,13.056,56.000,67.833,11.611
1399812780,13.056,56.000,67.611,11.556
1399812840,12.889,56.000,67.333,11.556
1399812900,12.944,56.000,67.000,11.500
1399812960,12.889,56.000,65.889,11.556
1399813020,12.944,56.056,64.167,11.556
1399813080,12.944,56.000,62.444,11.556
1399813140,13.000,56.000,61.167,11.611
1399813200,12.833,56.000,60.167,11.556
1399813260,12.889,56.000,61.833,11.500
1399813320,12.889,56.000,67.833,11.500
1399813380,12.889,56.000,67.722,11.500
1399813440,13.000,56.000,67.389,11.500
1399813500,12.889,56.000,67.056,11.556
1399813560,13.000,55.944,66.500,11.611
1399813620,12.833,56.000,65.722,11.500
1399813680,13.056,55.944,64.944,11.556
1399813740,13.000,55.944,64.111,11.500
1399813800,12.889,55.944,63.333,11.500
1399813860,12.833,55.944,61.889,11.500
1399813920,12.833,55.944,61.722,11.500
1399813980,12.889,55.944,61.444,11.556
1399814040,13.000,55.889,62.722,11.556
1399814100,12.889,55.889,64.722,11.500
1399814160,12.944,55.889,69.556,11.556
1399814220,13.000,55.889,75.444,11.500
1399814280,12.833,55.889,80.222,11.556
1399814340,12.889,55.833,84.722,11.500
1399814400,12.889,55.833,89.778,11.556
1399814460,13.000,55.833,90.000,11.556
1399814520,12.944,55.833,94.389,11.556
1399814580,13.000,55.833,100.333,11.556
1399814640,12.944,55.778,100.278,11.556
1399814700,12.833,55.778,99.611,11.556
1399814760,13.000,55.778,98.167,11.611
1399814820,12.889,55.722,98.667,11.556
1399814880,12.833,55.889,49.944,11.556
1399814940,13.000,63.389,32.889,11.556
1399815000,13.056,64.111,23.667,11.556
1399815060,13.000,64.111,18.056,11.556
1399815120,12.944,64.056,14.556,11.556
1399815180,13.000,64.000,12.111,11.556
1399815240,13.000,63.944,12.167,11.556
1399815300,13.000,63.944,12.056,11.556
1399815360,12.833,63.889,12.056,11.500
1399815420,12.889,63.889,11.944,11.556
1399815480,12.833,63.833,12.000,11.556
1399815540,12.889,63.833,12.000,11.556
1399815600,12.944,63.833,12.056,11.556
1399815660,13.000,63.778,12.111,11.556
1399815720,12.833,63.778,12.056,11.500
1399815780,12.889,63.778,12.056,11.556
1399815840,12.889,63.778,12.056,11.556
1399815900,13.000,63.722,12.111,11.556
1399815960,13.000,63.722,12.056,11.556
1399816020,12.944,63.722,12.056,11.500
1399816080,13.000,63.722,12.111,11.556
1399816140,12.944,62.500,12.056,11.556
1399816200,13.000,62.278,12.111,11.611
1399816260,12.889,61.056,12.000,11.556
1399816320,13.000,60.722,12.111,11.556
1399816380,12.833,60.667,12.000,11.556
1399816440,12.944,59.833,12.056,11.611
1399816500,12.889,60.000,12.000,11.556
1399816560,13.000,60.278,12.111,11.611
1399816620,12.833,60.389,55.500,11.556
1399816680,13.000,60.389,63.278,11.556
1399816740,12.833,60.389,68.444,11.556
1399816800,12.944,60.389,72.722,11.556
1399816860,13.056,60.389,77.500,11.611
1399816920,12.944,60.389,82.556,11.556
1399816980,12.889,60.389,86.944,11.556
1399817040,13.833,60.444,91.889,11.611
1399817100,15.778,60.389,96.222,11.611
1399817160,16.722,60.389,100.222,11.556
1399817220,17.722,60.389,100.556,11.556
1399817280,18.444,60.389,99.333,11.611
1399817340,19.611,60.333,98.222,11.611
1399817400,20.944,60.389,98.611,11.611
1399817460,22.778,60.444,97.667,11.611
1399817520,23.389,60.389,96.944,11.556
1399817580,25.167,60.444,97.944,11.611
1399817640,25.944,60.444,97.111,11.611
1399817700,27.278,60.389,44.778,11.611
1399817760,28.278,69.111,33.000,11.611
1399817820,30.111,67.611,25.889,11.611
1399817880,31.444,67.000,20.889,11.556
1399817940,32.000,66.778,17.167,11.667
1399818000,33.722,66.667,14.667,11.611
1399818060,35.389,66.667,13.111,11.611
1399818120,36.556,66.611,12.056,11.556
1399818180,38.389,66.556,12.167,11.611
1399818240,39.278,66.444,12.111,11.611
1399818300,41.333,66.389,12.111,11.667
1399818360,42.111,66.333,12.222,11.611
1399818420,44.222,66.278,12.056,11.611
1399818480,45.167,66.222,12.167,11.611
1399818540,46.611,66.167,12.111,11.611
1399818600,48.167,65.944,12.000,11.611
1399818660,49.833,65.389,12.167,11.667
1399818720,51.056,65.056,12.111,11.611
1399818780,52.833,64.833,12.111,11.611
1399818840,54.222,64.667,12.167,11.667
1399818900,56.333,64.500,12.056,11.611
1399818960,57.556,64.389,12.111,11.611
1399819020,59.111,64.278,12.167,11.667
1399819080,60.556,64.278,12.056,11.611
1399819140,61.722,64.222,12.111,11.667
1399819200,63.333,64.222,12.056,11.611
1399819260,64.722,64.167,12.056,11.556
1399819320,66.278,64.222,12.111,11.667
1399819380,67.611,64.222,12.111,11.667
1399819440,68.778,64.167,12.167,11.667
1399819500,70.000,64.222,12.056,11.611
1399819560,71.556,64.167,12.111,11.667
1399819620,72.944,64.167,12.111,11.611
1399819680,74.722,64.167,12.167,11.667
1399819740,75.778,64.056,12.111,11.667
1399819800,77.111,64.611,12.167,11.611
1399819860,78.889,64.722,12.056,11.611
1399819920,79.889,63.444,12.056,11.667
1399819980,81.111,60.333,12.167,11.611
1399820040,82.444,58.722,12.111,11.667
1399820100,83.778,58.167,12.000,11.611
1399820160,85.278,58.222,12.111,11.611
1399820220,86.333,58.444,24.389,11.611
1399820280,87.556,59.222,33.833,11.611
1399820340,88.944,59.889,58.778,11.611
1399820400,90.056,60.111,65.056,11.556
1399820460,91.556,60.556,68.833,11.556
1399820520,92.778,62.833,70.556,11.611
1399820580,93.833,70.056,74.444,11.556
1399820640,95.167,74.167,73.556,11.611
1399820700,96.500,78.500,75.333,11.611
1399820760,97.833,80.944,75.389,11.556
1399820820,98.889,83.444,77.333,11.611
1399820880,99.000,83.889,78.056,11.611
1399820940,98.944,84.889,77.944,11.611
1399821000,98.667,85.389,77.500,11.611
1399821060,98.444,86.389,77.889,11.611
1399821120,98.111,86.722,77.833,11.611
1399821180,97.778,87.722,79.056,11.611
1399821240,97.444,87.944,78.500,11.556
1399821300,96.889,88.056,79.167,11.611
1399821360,96.333,88.167,79.444,11.556
1399821420,95.444,87.056,80.000,11.611
1399821480,94.056,86.389,80.611,11.611
1399821540,91.833,85.833,81.167,11.556
1399821600,90.778,81.556,81.667,11.556
1399821660,90.056,79.278,82.278,11.611
1399821720,89.222,78.278,82.778,11.556
1399821780,89.056,78.611,82.556,11.611
1399821840,87.278,78.833,83.222,11.667
1399821900,86.167,78.944,84.000,11.611
1399821960,85.056,79.056,85.056,11.611
1399822020,84.056,79.167,85.833,11.611
1399822080,82.611,79.222,86.778,11.611
1399822140,82.444,79.222,87.500,11.611
1399822200,80.722,79.278,89.389,11.556
1399822260,80.167,79.222,90.222,11.556
1399822320,79.222,79.278,91.167,11.611
1399822380,78.333,79.278,92.111,11.611
1399822440,77.278,79.222,93.278,11.611
1399822500,75.389,79.278,94.444,11.556
1399822560,50.000,79.278,95.778,11.611
1399822620,43.500,79.222,96.778,11.556
1399822680,40.833,79.222,98.000,11.556
1399822740,39.333,79.222,99.167,11.611
1399822800,37.333,79.222,100.333,11.556
1399822860,36.944,79.222,100.778,11.556
1399822920,35.667,79.222,101.111,11.611
1399822980,35.278,79.222,101.111,11.556
1399823040,34.222,79.167,100.889,11.556
1399823100,33.167,79.167,100.389,11.556
1399823160,33.278,79.111,100.167,11.611
1399823220,33.111,79.111,100.111,11.556
1399823280,31.944,79.056,100.056,11.556
1399823340,32.000,79.056,100.056,11.667
1399823400,31.667,79.000,100.000,11.611
1399823460,31.333,78.944,100.000,11.556
1399823520,30.667,78.944,100.056,11.556
1399823580,30.389,78.889,99.778,11.611
1399823640,29.556,78.889,99.722,11.611
1399823700,29.056,78.833,100.056,11.556
1399823760,28.611,78.778,99.611,11.611
1399823820,28.222,78.722,99.667,11.611
1399823880,27.944,78.722,99.722,11.611
1399823940,27.778,78.667,99.611,11.556
1399824000,27.333,78.611,99.667,11.500
1399824060,27.222,78.556,99.833,11.611
1399824120,25.611,78.500,99.778,11.611
1399824180,26.056,78.444,99.611,11.611
1399824240,25.667,78.389,99.778,11.611
1399824300,25.056,78.333,100.000,11.556
1399824360,24.667,78.278,99.889,11.556
1399824420,24.278,78.222,99.889,11.500
1399824480,24.056,78.167,99.833,11.500
1399824540,24.111,78.111,99.944,11.556
1399824600,24.167,78.056,100.111,11.611
1399824660,24.056,78.000,100.111,11.611
1399824720,23.889,77.944,100.389,11.556
1399824780,23.278,77.889,100.722,11.500
1399824840,22.889,77.833,100.944,11.556
1399824900,23.000,77.778,101.000,11.611
1399824960,23.000,77.722,101.000,11.556
1399825020,22.278,77.667,100.944,11.611
1399825080,23.000,40.722,101.000,11.611
1399825140,24.889,27.444,100.944,11.611
1399825200,25.389,19.500,100.944,11.556
1399825260,25.222,14.500,101.000,11.611
1399825320,25.056,12.167,101.056,11.667
1399825380,25.556,12.111,101.056,11.611
1399825440,25.111,12.000,101.056,11.556
1399825500,25.389,12.000,101.056,11.556
1399825560,25.000,11.833,101.000,11.500
1399825620,24.778,12.000,101.056,11.556
1399825680,25.056,11.944,100.944,11.500
1399825740,25.000,11.833,101.056,11.556
1399825800,24.833,11.889,100.944,11.556
1399825860,24.722,11.833,101.167,11.500
1399825920,24.389,11.833,101.000,11.500
1399825980,24.167,12.000,101.167,11.556
1399826040,24.000,11.833,101.111,11.556
1399826100,23.944,12.056,101.167,11.611
1399826160,23.556,11.944,101.056,11.556
1399826220,23.444,12.111,101.000,11.556
1399826280,23.167,11.944,101.000,11.556
1399826340,23.111,12.000,101.167,11.556
1399826400,23.167,11.833,101.056,11.556
1399826460,23.167,12.111,101.000,11.611
1399826520,22.778,12.056,101.056,11.611
1399826580,22.667,11.944,101.111,11.611
